      time       stdx       stdz       avgz   nemixrms   nemizrms 
 0.000e+00  4.938e-05  1.132e-08  1.503e-08  4.539e-11  5.207e-16 
 1.000e-11  4.978e-05  1.376e-07  1.177e-05  2.134e-09  4.594e-15 
 2.000e-11  5.111e-05  2.792e-07  3.957e-05  4.418e-09  2.007e-14 
 3.000e-11  5.332e-05  4.386e-07  8.339e-05  6.997e-09  4.809e-14 
 4.000e-11  5.637e-05  6.162e-07  1.432e-04  9.969e-09  8.832e-14 
 5.000e-11  6.019e-05  8.151e-07  2.189e-04  1.334e-08  1.351e-13 
 6.000e-11  6.469e-05  1.047e-06  3.105e-04  1.662e-08  1.532e-13 
 7.000e-11  6.969e-05  1.351e-06  4.179e-04  1.943e-08  1.348e-13 
 8.000e-11  7.492e-05  1.808e-06  5.409e-04  2.042e-08  1.516e-13 
 9.000e-11  7.995e-05  2.524e-06  6.796e-04  2.010e-08  4.054e-13 
 1.000e-10  8.421e-05  3.585e-06  8.339e-04  1.896e-08  8.711e-13 
 1.100e-10  8.701e-05  5.042e-06  1.004e-03  1.707e-08  1.520e-12 
 1.200e-10  8.762e-05  6.912e-06  1.190e-03  1.541e-08  2.281e-12 
 1.300e-10  8.541e-05  9.182e-06  1.393e-03  1.470e-08  3.019e-12 
 1.400e-10  7.983e-05  1.181e-05  1.613e-03  1.417e-08  3.534e-12 
 1.500e-10  7.055e-05  1.475e-05  1.851e-03  1.368e-08  3.627e-12 
 1.600e-10  5.753e-05  1.794e-05  2.108e-03  1.331e-08  3.202e-12 
 1.700e-10  4.109e-05  2.134e-05  2.384e-03  1.313e-08  2.510e-12 
 1.800e-10  2.197e-05  2.492e-05  2.683e-03  1.306e-08  2.500e-12 
 1.900e-10  2.214e-06  2.869e-05  3.005e-03  1.282e-08  5.473e-12 
 2.000e-10  1.938e-05  3.275e-05  3.352e-03  1.269e-08  9.586e-12 
 2.100e-10  3.830e-05  3.706e-05  3.728e-03  1.262e-08  1.053e-11 
 2.200e-10  5.390e-05  4.163e-05  4.133e-03  1.262e-08  1.125e-11 
 2.300e-10  6.476e-05  4.650e-05  4.572e-03  1.285e-08  1.261e-11 
 2.400e-10  7.002e-05  5.165e-05  5.047e-03  1.359e-08  1.459e-11 
 2.500e-10  6.950e-05  5.708e-05  5.561e-03  1.488e-08  1.665e-11 
 2.600e-10  6.366e-05  6.278e-05  6.118e-03  1.644e-08  1.854e-11 
 2.700e-10  5.341e-05  6.875e-05  6.721e-03  1.784e-08  2.021e-11 
 2.800e-10  3.990e-05  7.501e-05  7.372e-03  1.877e-08  2.172e-11 
 2.900e-10  2.435e-05  8.154e-05  8.074e-03  1.915e-08  2.303e-11 
 3.000e-10  8.148e-06  8.833e-05  8.829e-03  1.921e-08  2.455e-11 
 3.100e-10  9.946e-06  9.533e-05  9.640e-03  1.927e-08  2.685e-11 
 3.200e-10  2.611e-05  1.025e-04  1.051e-02  1.970e-08  2.795e-11 
 3.300e-10  4.193e-05  1.098e-04  1.143e-02  2.073e-08  2.872e-11 
 3.400e-10  5.708e-05  1.171e-04  1.242e-02  2.261e-08  2.928e-11 
 3.500e-10  7.162e-05  1.244e-04  1.346e-02  2.543e-08  2.972e-11 
 3.600e-10  8.571e-05  1.316e-04  1.457e-02  2.924e-08  3.001e-11 
 3.700e-10  9.958e-05  1.387e-04  1.573e-02  3.402e-08  3.021e-11 
 3.800e-10  1.134e-04  1.458e-04  1.695e-02  3.965e-08  3.033e-11 
 3.900e-10  1.275e-04  1.526e-04  1.822e-02  4.590e-08  3.037e-11 
 4.000e-10  1.420e-04  1.593e-04  1.956e-02  5.245e-08  3.039e-11 
 4.100e-10  1.571e-04  1.659e-04  2.094e-02  5.882e-08  3.035e-11 
 4.200e-10  1.728e-04  1.722e-04  2.238e-02  6.427e-08  3.031e-11 
 4.300e-10  1.892e-04  1.784e-04  2.388e-02  6.778e-08  3.031e-11 
 4.400e-10  2.063e-04  1.844e-04  2.542e-02  6.813e-08  3.036e-11 
 4.500e-10  2.239e-04  1.902e-04  2.701e-02  6.441e-08  3.039e-11 
 4.600e-10  2.416e-04  1.951e-04  2.864e-02  5.987e-08  3.021e-10 
 4.700e-10  2.594e-04  1.956e-04  3.029e-02  5.996e-08  1.435e-10 
 4.800e-10  2.772e-04  1.959e-04  3.193e-02  5.997e-08  1.293e-10 
 4.900e-10  2.949e-04  1.961e-04  3.358e-02  5.998e-08  1.294e-10 
 5.000e-10  3.127e-04  1.963e-04  3.523e-02  6.000e-08  1.295e-10 
 5.100e-10  3.304e-04  1.966e-04  3.687e-02  6.002e-08  1.297e-10 
 5.200e-10  3.482e-04  1.968e-04  3.852e-02  6.003e-08  1.298e-10 
 5.300e-10  3.659e-04  1.971e-04  4.017e-02  6.005e-08  1.299e-10 
 5.400e-10  3.837e-04  1.973e-04  4.181e-02  6.006e-08  1.301e-10 
 5.500e-10  4.015e-04  1.975e-04  4.346e-02  6.007e-08  1.302e-10 
 5.600e-10  4.192e-04  1.978e-04  4.511e-02  6.008e-08  1.303e-10 
 5.700e-10  4.370e-04  1.980e-04  4.675e-02  6.010e-08  1.305e-10 
 5.800e-10  4.548e-04  1.983e-04  4.840e-02  6.011e-08  1.306e-10 
 5.900e-10  4.725e-04  1.986e-04  5.005e-02  6.012e-08  1.307e-10 
 6.000e-10  4.903e-04  1.988e-04  5.170e-02  6.013e-08  1.309e-10 
 6.100e-10  5.080e-04  1.991e-04  5.334e-02  6.014e-08  1.310e-10 
 6.200e-10  5.258e-04  1.993e-04  5.499e-02  6.015e-08  1.311e-10 
 6.300e-10  5.436e-04  1.996e-04  5.664e-02  6.016e-08  1.313e-10 
 6.400e-10  5.613e-04  1.999e-04  5.828e-02  6.017e-08  1.314e-10 
 6.500e-10  5.791e-04  2.001e-04  5.993e-02  6.018e-08  1.315e-10 
 6.600e-10  5.969e-04  2.004e-04  6.158e-02  6.019e-08  1.317e-10 
 6.700e-10  6.146e-04  2.007e-04  6.322e-02  6.019e-08  1.318e-10 
 6.800e-10  6.324e-04  2.010e-04  6.487e-02  6.020e-08  1.319e-10 
 6.900e-10  6.502e-04  2.012e-04  6.652e-02  6.021e-08  1.321e-10 
 7.000e-10  6.679e-04  2.015e-04  6.816e-02  6.022e-08  1.322e-10 
 7.100e-10  6.857e-04  2.018e-04  6.981e-02  6.022e-08  1.323e-10 
 7.200e-10  7.035e-04  2.021e-04  7.146e-02  6.023e-08  1.325e-10 
 7.300e-10  7.212e-04  2.024e-04  7.310e-02  6.024e-08  1.326e-10 
 7.400e-10  7.390e-04  2.027e-04  7.475e-02  6.025e-08  1.327e-10 
 7.500e-10  7.568e-04  2.029e-04  7.640e-02  6.025e-08  1.329e-10 
 7.600e-10  7.745e-04  2.032e-04  7.804e-02  6.026e-08  1.330e-10 
 7.700e-10  7.923e-04  2.035e-04  7.969e-02  6.026e-08  1.331e-10 
 7.800e-10  8.101e-04  2.038e-04  8.134e-02  6.027e-08  1.333e-10 
 7.900e-10  8.278e-04  2.041e-04  8.298e-02  6.028e-08  1.334e-10 
 8.000e-10  8.456e-04  2.044e-04  8.463e-02  6.028e-08  1.335e-10 
 8.100e-10  8.633e-04  2.047e-04  8.628e-02  6.029e-08  1.336e-10 
 8.200e-10  8.811e-04  2.050e-04  8.792e-02  6.029e-08  1.338e-10 
 8.300e-10  8.989e-04  2.053e-04  8.957e-02  6.030e-08  1.339e-10 
 8.400e-10  9.166e-04  2.056e-04  9.122e-02  6.030e-08  1.340e-10 
 8.500e-10  9.344e-04  2.060e-04  9.286e-02  6.031e-08  1.342e-10 
 8.600e-10  9.522e-04  2.063e-04  9.451e-02  6.031e-08  1.343e-10 
 8.700e-10  9.699e-04  2.066e-04  9.616e-02  6.032e-08  1.344e-10 
 8.800e-10  9.877e-04  2.069e-04  9.780e-02  6.032e-08  1.346e-10 
 8.900e-10  1.005e-03  2.072e-04  9.945e-02  6.033e-08  1.347e-10 
 9.000e-10  1.023e-03  2.075e-04  1.011e-01  6.033e-08  1.348e-10 
 9.100e-10  1.041e-03  2.079e-04  1.027e-01  6.034e-08  1.350e-10 
 9.200e-10  1.059e-03  2.082e-04  1.044e-01  6.034e-08  1.351e-10 
 9.300e-10  1.077e-03  2.085e-04  1.060e-01  6.035e-08  1.352e-10 
 9.400e-10  1.094e-03  2.088e-04  1.077e-01  6.035e-08  1.354e-10 
 9.500e-10  1.112e-03  2.092e-04  1.093e-01  6.035e-08  1.355e-10 
 9.600e-10  1.130e-03  2.095e-04  1.110e-01  6.036e-08  1.356e-10 
 9.700e-10  1.148e-03  2.098e-04  1.126e-01  6.036e-08  1.357e-10 
 9.800e-10  1.165e-03  2.102e-04  1.143e-01  6.036e-08  1.359e-10 
 9.900e-10  1.183e-03  2.105e-04  1.159e-01  6.037e-08  1.360e-10 
 1.000e-09  1.201e-03  2.109e-04  1.176e-01  6.037e-08  1.361e-10 
                                                            
