      time       stdx       stdz       avgz   nemixrms   nemizrms 
 0.000e+00  9.877e-05  1.141e-08  1.510e-08  4.314e-10  5.272e-16 
 1.000e-11  1.005e-04  2.280e-07  1.466e-05  4.460e-08  2.347e-13 
 2.000e-11  1.061e-04  7.765e-07  5.110e-05  9.035e-08  2.087e-12 
 3.000e-11  1.156e-04  1.906e-06  1.092e-04  1.286e-07  6.767e-12 
 4.000e-11  1.286e-04  4.189e-06  1.886e-04  1.531e-07  1.348e-11 
 5.000e-11  1.442e-04  8.324e-06  2.888e-04  1.890e-07  2.182e-11 
 6.000e-11  1.609e-04  1.431e-05  4.093e-04  2.730e-07  3.425e-11 
 7.000e-11  1.770e-04  2.180e-05  5.499e-04  3.817e-07  5.385e-11 
 8.000e-11  1.911e-04  3.048e-05  7.104e-04  4.881e-07  8.431e-11 
 9.000e-11  2.020e-04  4.025e-05  8.906e-04  5.754e-07  1.236e-10 
 1.000e-10  2.087e-04  5.104e-05  1.091e-03  6.255e-07  1.658e-10 
 1.100e-10  2.103e-04  6.278e-05  1.311e-03  6.452e-07  2.077e-10 
 1.200e-10  2.061e-04  7.538e-05  1.552e-03  6.425e-07  2.428e-10 
 1.300e-10  1.953e-04  8.877e-05  1.814e-03  6.276e-07  2.655e-10 
 1.400e-10  1.774e-04  1.029e-04  2.098e-03  6.097e-07  2.683e-10 
 1.500e-10  1.524e-04  1.176e-04  2.405e-03  5.946e-07  2.468e-10 
 1.600e-10  1.207e-04  1.330e-04  2.737e-03  5.854e-07  2.046e-10 
 1.700e-10  8.436e-05  1.491e-04  3.095e-03  5.825e-07  1.573e-10 
 1.800e-10  4.913e-05  1.659e-04  3.481e-03  5.832e-07  1.390e-10 
 1.900e-10  3.945e-05  1.835e-04  3.897e-03  5.840e-07  1.733e-10 
 2.000e-10  6.880e-05  2.021e-04  4.344e-03  5.838e-07  2.502e-10 
 2.100e-10  1.051e-04  2.219e-04  4.827e-03  5.853e-07  3.601e-10 
 2.200e-10  1.369e-04  2.429e-04  5.346e-03  5.919e-07  4.905e-10 
 2.300e-10  1.604e-04  2.651e-04  5.905e-03  6.054e-07  6.175e-10 
 2.400e-10  1.737e-04  2.885e-04  6.507e-03  6.257e-07  7.161e-10 
 2.500e-10  1.767e-04  3.132e-04  7.154e-03  6.515e-07  7.717e-10 
 2.600e-10  1.701e-04  3.391e-04  7.850e-03  6.794e-07  7.860e-10 
 2.700e-10  1.555e-04  3.662e-04  8.597e-03  7.046e-07  7.755e-10 
 2.800e-10  1.353e-04  3.943e-04  9.397e-03  7.226e-07  7.612e-10 
 2.900e-10  1.122e-04  4.234e-04  1.025e-02  7.320e-07  7.572e-10 
 3.000e-10  8.932e-05  4.532e-04  1.116e-02  7.339e-07  7.658e-10 
 3.100e-10  7.121e-05  4.835e-04  1.213e-02  7.306e-07  7.805e-10 
 3.200e-10  6.391e-05  5.141e-04  1.316e-02  7.253e-07  7.935e-10 
 3.300e-10  7.095e-05  5.447e-04  1.425e-02  7.212e-07  7.990e-10 
 3.400e-10  8.854e-05  5.752e-04  1.539e-02  7.207e-07  7.949e-10 
 3.500e-10  1.115e-04  6.054e-04  1.659e-02  7.246e-07  7.810e-10 
 3.600e-10  1.370e-04  6.351e-04  1.785e-02  7.327e-07  7.581e-10 
 3.700e-10  1.641e-04  6.643e-04  1.917e-02  7.439e-07  7.272e-10 
 3.800e-10  1.922e-04  6.928e-04  2.054e-02  7.563e-07  6.895e-10 
 3.900e-10  2.215e-04  7.205e-04  2.196e-02  7.673e-07  6.470e-10 
 4.000e-10  2.517e-04  7.475e-04  2.343e-02  7.732e-07  6.037e-10 
 4.100e-10  2.831e-04  7.736e-04  2.496e-02  7.690e-07  5.663e-10 
 4.200e-10  3.154e-04  7.990e-04  2.653e-02  7.481e-07  5.450e-10 
 4.300e-10  3.484e-04  8.228e-04  2.815e-02  7.075e-07  3.552e-09 
 4.400e-10  3.816e-04  8.348e-04  2.979e-02  6.906e-07  4.677e-09 
 4.500e-10  4.150e-04  8.384e-04  3.144e-02  6.903e-07  2.502e-09 
 4.600e-10  4.483e-04  8.399e-04  3.308e-02  6.903e-07  1.128e-09 
 4.700e-10  4.817e-04  8.407e-04  3.473e-02  6.903e-07  4.801e-10 
 4.800e-10  5.152e-04  8.415e-04  3.637e-02  6.904e-07  4.759e-10 
 4.900e-10  5.486e-04  8.423e-04  3.802e-02  6.904e-07  4.762e-10 
 5.000e-10  5.821e-04  8.430e-04  3.966e-02  6.904e-07  4.765e-10 
 5.100e-10  6.156e-04  8.438e-04  4.131e-02  6.904e-07  4.769e-10 
 5.200e-10  6.490e-04  8.445e-04  4.295e-02  6.904e-07  4.772e-10 
 5.300e-10  6.826e-04  8.453e-04  4.460e-02  6.904e-07  4.776e-10 
 5.400e-10  7.161e-04  8.460e-04  4.624e-02  6.905e-07  4.779e-10 
 5.500e-10  7.496e-04  8.468e-04  4.789e-02  6.905e-07  4.783e-10 
 5.600e-10  7.831e-04  8.475e-04  4.953e-02  6.905e-07  4.786e-10 
 5.700e-10  8.167e-04  8.483e-04  5.118e-02  6.905e-07  4.790e-10 
 5.800e-10  8.502e-04  8.491e-04  5.282e-02  6.905e-07  4.793e-10 
 5.900e-10  8.838e-04  8.498e-04  5.447e-02  6.905e-07  4.797e-10 
 6.000e-10  9.173e-04  8.506e-04  5.611e-02  6.905e-07  4.800e-10 
 6.100e-10  9.509e-04  8.513e-04  5.776e-02  6.905e-07  4.804e-10 
 6.200e-10  9.844e-04  8.521e-04  5.941e-02  6.906e-07  4.807e-10 
 6.300e-10  1.018e-03  8.529e-04  6.105e-02  6.906e-07  4.811e-10 
 6.400e-10  1.052e-03  8.536e-04  6.270e-02  6.906e-07  4.815e-10 
 6.500e-10  1.085e-03  8.544e-04  6.434e-02  6.906e-07  4.818e-10 
 6.600e-10  1.119e-03  8.551e-04  6.599e-02  6.906e-07  4.822e-10 
 6.700e-10  1.152e-03  8.559e-04  6.763e-02  6.906e-07  4.825e-10 
 6.800e-10  1.186e-03  8.567e-04  6.928e-02  6.906e-07  4.829e-10 
 6.900e-10  1.219e-03  8.574e-04  7.092e-02  6.906e-07  4.832e-10 
 7.000e-10  1.253e-03  8.582e-04  7.257e-02  6.906e-07  4.836e-10 
 7.100e-10  1.287e-03  8.590e-04  7.421e-02  6.906e-07  4.839e-10 
 7.200e-10  1.320e-03  8.597e-04  7.586e-02  6.906e-07  4.843e-10 
 7.300e-10  1.354e-03  8.605e-04  7.750e-02  6.907e-07  4.846e-10 
 7.400e-10  1.387e-03  8.613e-04  7.915e-02  6.907e-07  4.850e-10 
 7.500e-10  1.421e-03  8.620e-04  8.079e-02  6.907e-07  4.854e-10 
 7.600e-10  1.454e-03  8.628e-04  8.244e-02  6.907e-07  4.857e-10 
 7.700e-10  1.488e-03  8.636e-04  8.408e-02  6.907e-07  4.861e-10 
 7.800e-10  1.522e-03  8.643e-04  8.573e-02  6.907e-07  4.864e-10 
 7.900e-10  1.555e-03  8.651e-04  8.737e-02  6.907e-07  4.868e-10 
 8.000e-10  1.589e-03  8.659e-04  8.902e-02  6.907e-07  4.871e-10 
 8.100e-10  1.622e-03  8.666e-04  9.066e-02  6.907e-07  4.875e-10 
 8.200e-10  1.656e-03  8.674e-04  9.231e-02  6.907e-07  4.878e-10 
 8.300e-10  1.690e-03  8.682e-04  9.395e-02  6.907e-07  4.882e-10 
 8.400e-10  1.723e-03  8.690e-04  9.560e-02  6.907e-07  4.886e-10 
 8.500e-10  1.757e-03  8.697e-04  9.724e-02  6.907e-07  4.889e-10 
 8.600e-10  1.790e-03  8.705e-04  9.889e-02  6.907e-07  4.893e-10 
 8.700e-10  1.824e-03  8.713e-04  1.005e-01  6.907e-07  4.896e-10 
 8.800e-10  1.858e-03  8.721e-04  1.022e-01  6.908e-07  4.900e-10 
 8.900e-10  1.891e-03  8.728e-04  1.038e-01  6.908e-07  4.903e-10 
 9.000e-10  1.925e-03  8.736e-04  1.055e-01  6.908e-07  4.907e-10 
 9.100e-10  1.958e-03  8.744e-04  1.071e-01  6.908e-07  4.911e-10 
 9.200e-10  1.992e-03  8.752e-04  1.088e-01  6.908e-07  4.914e-10 
 9.300e-10  2.026e-03  8.759e-04  1.104e-01  6.908e-07  4.918e-10 
 9.400e-10  2.059e-03  8.767e-04  1.120e-01  6.908e-07  4.921e-10 
 9.500e-10  2.093e-03  8.775e-04  1.137e-01  6.908e-07  4.925e-10 
 9.600e-10  2.126e-03  8.783e-04  1.153e-01  6.908e-07  4.928e-10 
 9.700e-10  2.160e-03  8.790e-04  1.170e-01  6.908e-07  4.932e-10 
 9.800e-10  2.194e-03  8.798e-04  1.186e-01  6.908e-07  4.936e-10 
 9.900e-10  2.227e-03  8.806e-04  1.203e-01  6.908e-07  4.939e-10 
 1.000e-09  2.261e-03  8.814e-04  1.219e-01  6.908e-07  4.943e-10 
                                                            
