      time       stdx       stdz       avgz   nemixrms   nemizrms 
 0.000e+00  9.877e-05  1.150e-08  1.518e-08  4.798e-10  5.190e-16 
 1.000e-11  1.008e-04  2.529e-07  1.756e-05  4.710e-08  2.329e-13 
 2.000e-11  1.073e-04  8.316e-07  6.268e-05  9.486e-08  1.821e-12 
 3.000e-11  1.183e-04  2.002e-06  1.352e-04  1.324e-07  5.733e-12 
 4.000e-11  1.333e-04  4.365e-06  2.346e-04  1.560e-07  1.142e-11 
 5.000e-11  1.513e-04  8.440e-06  3.603e-04  2.041e-07  1.747e-11 
 6.000e-11  1.706e-04  1.397e-05  5.119e-04  3.012e-07  2.369e-11 
 7.000e-11  1.895e-04  2.048e-05  6.890e-04  4.167e-07  3.324e-11 
 8.000e-11  2.067e-04  2.773e-05  8.913e-04  5.199e-07  4.937e-11 
 9.000e-11  2.214e-04  3.561e-05  1.119e-03  5.839e-07  6.923e-11 
 1.000e-10  2.328e-04  4.407e-05  1.372e-03  6.173e-07  9.173e-11 
 1.100e-10  2.401e-04  5.308e-05  1.650e-03  6.252e-07  1.150e-10 
 1.200e-10  2.425e-04  6.263e-05  1.955e-03  6.178e-07  1.388e-10 
 1.300e-10  2.392e-04  7.272e-05  2.285e-03  6.018e-07  1.609e-10 
 1.400e-10  2.294e-04  8.335e-05  2.643e-03  5.844e-07  1.772e-10 
 1.500e-10  2.122e-04  9.454e-05  3.029e-03  5.685e-07  1.819e-10 
 1.600e-10  1.874e-04  1.063e-04  3.444e-03  5.562e-07  1.698e-10 
 1.700e-10  1.549e-04  1.185e-04  3.889e-03  5.485e-07  1.410e-10 
 1.800e-10  1.159e-04  1.314e-04  4.367e-03  5.449e-07  1.029e-10 
 1.900e-10  7.289e-05  1.447e-04  4.878e-03  5.444e-07  7.231e-11 
 2.000e-10  3.558e-05  1.587e-04  5.426e-03  5.449e-07  6.933e-11 
 2.100e-10  4.608e-05  1.734e-04  6.013e-03  5.449e-07  9.192e-11 
 2.200e-10  8.741e-05  1.889e-04  6.642e-03  5.463e-07  1.331e-10 
 2.300e-10  1.285e-04  2.051e-04  7.314e-03  5.528e-07  1.919e-10 
 2.400e-10  1.636e-04  2.221e-04  8.033e-03  5.686e-07  2.552e-10 
 2.500e-10  1.907e-04  2.397e-04  8.802e-03  5.952e-07  3.045e-10 
 2.600e-10  2.094e-04  2.578e-04  9.623e-03  6.303e-07  3.277e-10 
 2.700e-10  2.205e-04  2.763e-04  1.050e-02  6.689e-07  3.255e-10 
 2.800e-10  2.254e-04  2.951e-04  1.143e-02  7.060e-07  3.066e-10 
 2.900e-10  2.256e-04  3.141e-04  1.242e-02  7.377e-07  2.807e-10 
 3.000e-10  2.227e-04  3.331e-04  1.346e-02  7.624e-07  2.552e-10 
 3.100e-10  2.180e-04  3.522e-04  1.457e-02  7.800e-07  2.339e-10 
 3.200e-10  2.127e-04  3.711e-04  1.573e-02  7.921e-07  2.177e-10 
 3.300e-10  2.075e-04  3.898e-04  1.695e-02  8.002e-07  2.056e-10 
 3.400e-10  2.031e-04  4.083e-04  1.823e-02  8.055e-07  1.963e-10 
 3.500e-10  1.997e-04  4.263e-04  1.956e-02  8.086e-07  1.884e-10 
 3.600e-10  1.978e-04  4.440e-04  2.094e-02  8.102e-07  1.809e-10 
 3.700e-10  1.974e-04  4.612e-04  2.238e-02  8.107e-07  1.734e-10 
 3.800e-10  1.984e-04  4.780e-04  2.387e-02  8.109e-07  1.658e-10 
 3.900e-10  2.009e-04  4.942e-04  2.541e-02  8.113e-07  1.586e-10 
 4.000e-10  2.044e-04  5.098e-04  2.700e-02  8.130e-07  1.524e-10 
 4.100e-10  2.087e-04  5.232e-04  2.863e-02  8.141e-07  2.170e-09 
 4.200e-10  2.134e-04  5.265e-04  3.027e-02  8.123e-07  1.165e-09 
 4.300e-10  2.186e-04  5.273e-04  3.191e-02  8.122e-07  4.656e-10 
 4.400e-10  2.242e-04  5.277e-04  3.356e-02  8.122e-07  3.143e-10 
 4.500e-10  2.302e-04  5.280e-04  3.520e-02  8.122e-07  3.144e-10 
 4.600e-10  2.365e-04  5.284e-04  3.685e-02  8.122e-07  3.145e-10 
 4.700e-10  2.431e-04  5.287e-04  3.849e-02  8.122e-07  3.146e-10 
 4.800e-10  2.500e-04  5.290e-04  4.014e-02  8.122e-07  3.147e-10 
 4.900e-10  2.572e-04  5.294e-04  4.178e-02  8.122e-07  3.148e-10 
 5.000e-10  2.646e-04  5.297e-04  4.343e-02  8.122e-07  3.149e-10 
 5.100e-10  2.722e-04  5.301e-04  4.507e-02  8.122e-07  3.149e-10 
 5.200e-10  2.800e-04  5.304e-04  4.672e-02  8.122e-07  3.150e-10 
 5.300e-10  2.881e-04  5.307e-04  4.836e-02  8.122e-07  3.151e-10 
 5.400e-10  2.963e-04  5.311e-04  5.001e-02  8.122e-07  3.152e-10 
 5.500e-10  3.046e-04  5.314e-04  5.165e-02  8.122e-07  3.153e-10 
 5.600e-10  3.131e-04  5.318e-04  5.330e-02  8.122e-07  3.154e-10 
 5.700e-10  3.218e-04  5.321e-04  5.494e-02  8.122e-07  3.155e-10 
 5.800e-10  3.306e-04  5.325e-04  5.659e-02  8.122e-07  3.156e-10 
 5.900e-10  3.394e-04  5.328e-04  5.823e-02  8.122e-07  3.157e-10 
 6.000e-10  3.484e-04  5.331e-04  5.988e-02  8.121e-07  3.158e-10 
 6.100e-10  3.575e-04  5.335e-04  6.152e-02  8.121e-07  3.159e-10 
 6.200e-10  3.667e-04  5.338e-04  6.317e-02  8.121e-07  3.159e-10 
 6.300e-10  3.760e-04  5.342e-04  6.481e-02  8.121e-07  3.160e-10 
 6.400e-10  3.853e-04  5.345e-04  6.645e-02  8.121e-07  3.161e-10 
 6.500e-10  3.947e-04  5.349e-04  6.810e-02  8.121e-07  3.162e-10 
 6.600e-10  4.042e-04  5.352e-04  6.974e-02  8.121e-07  3.163e-10 
 6.700e-10  4.137e-04  5.356e-04  7.139e-02  8.121e-07  3.164e-10 
 6.800e-10  4.233e-04  5.360e-04  7.303e-02  8.121e-07  3.165e-10 
 6.900e-10  4.330e-04  5.363e-04  7.468e-02  8.121e-07  3.166e-10 
 7.000e-10  4.427e-04  5.367e-04  7.632e-02  8.121e-07  3.167e-10 
 7.100e-10  4.525e-04  5.370e-04  7.797e-02  8.121e-07  3.168e-10 
 7.200e-10  4.623e-04  5.374e-04  7.961e-02  8.121e-07  3.169e-10 
 7.300e-10  4.721e-04  5.377e-04  8.126e-02  8.121e-07  3.170e-10 
 7.400e-10  4.820e-04  5.381e-04  8.290e-02  8.121e-07  3.170e-10 
 7.500e-10  4.919e-04  5.384e-04  8.455e-02  8.120e-07  3.171e-10 
 7.600e-10  5.018e-04  5.388e-04  8.619e-02  8.120e-07  3.172e-10 
 7.700e-10  5.118e-04  5.392e-04  8.784e-02  8.120e-07  3.173e-10 
 7.800e-10  5.218e-04  5.395e-04  8.948e-02  8.120e-07  3.174e-10 
 7.900e-10  5.319e-04  5.399e-04  9.113e-02  8.120e-07  3.175e-10 
 8.000e-10  5.420e-04  5.402e-04  9.277e-02  8.120e-07  3.176e-10 
 8.100e-10  5.521e-04  5.406e-04  9.442e-02  8.120e-07  3.177e-10 
 8.200e-10  5.622e-04  5.410e-04  9.606e-02  8.120e-07  3.178e-10 
 8.300e-10  5.723e-04  5.413e-04  9.771e-02  8.120e-07  3.179e-10 
 8.400e-10  5.825e-04  5.417e-04  9.935e-02  8.120e-07  3.180e-10 
 8.500e-10  5.927e-04  5.421e-04  1.010e-01  8.120e-07  3.181e-10 
 8.600e-10  6.029e-04  5.424e-04  1.026e-01  8.120e-07  3.182e-10 
 8.700e-10  6.131e-04  5.428e-04  1.043e-01  8.120e-07  3.183e-10 
 8.800e-10  6.234e-04  5.432e-04  1.059e-01  8.120e-07  3.183e-10 
 8.900e-10  6.337e-04  5.435e-04  1.076e-01  8.119e-07  3.184e-10 
 9.000e-10  6.439e-04  5.439e-04  1.092e-01  8.119e-07  3.185e-10 
 9.100e-10  6.542e-04  5.443e-04  1.109e-01  8.119e-07  3.186e-10 
 9.200e-10  6.645e-04  5.446e-04  1.125e-01  8.119e-07  3.187e-10 
 9.300e-10  6.749e-04  5.450e-04  1.142e-01  8.119e-07  3.188e-10 
 9.400e-10  6.852e-04  5.454e-04  1.158e-01  8.119e-07  3.189e-10 
 9.500e-10  6.956e-04  5.458e-04  1.174e-01  8.119e-07  3.190e-10 
 9.600e-10  7.059e-04  5.461e-04  1.191e-01  8.119e-07  3.191e-10 
 9.700e-10  7.163e-04  5.465e-04  1.207e-01  8.119e-07  3.192e-10 
 9.800e-10  7.267e-04  5.469e-04  1.224e-01  8.119e-07  3.193e-10 
 9.900e-10  7.371e-04  5.473e-04  1.240e-01  8.119e-07  3.194e-10 
 1.000e-09  7.475e-04  5.476e-04  1.257e-01  8.119e-07  3.195e-10 
                                                            
