      time       stdx       stdz       avgz   nemixrms   nemizrms 
 0.000e+00  9.877e-05  1.112e-08  1.488e-08  6.422e-11  5.168e-16 
 1.000e-11  9.875e-05  1.043e-07  5.409e-06  1.216e-08  9.305e-15 
 2.000e-11  9.903e-05  2.704e-07  1.430e-05  2.352e-08  4.924e-14 
 3.000e-11  9.950e-05  5.176e-07  2.705e-05  3.352e-08  1.261e-13 
 4.000e-11  1.002e-04  8.317e-07  4.415e-05  4.109e-08  2.131e-13 
 5.000e-11  1.010e-04  1.190e-06  6.630e-05  4.512e-08  2.497e-13 
 6.000e-11  1.020e-04  1.563e-06  9.434e-05  4.571e-08  1.982e-13 
 7.000e-11  1.032e-04  1.929e-06  1.286e-04  4.533e-08  1.411e-13 
 8.000e-11  1.045e-04  2.302e-06  1.690e-04  4.421e-08  1.428e-13 
 9.000e-11  1.058e-04  2.697e-06  2.155e-04  4.301e-08  2.037e-13 
 1.000e-10  1.072e-04  3.123e-06  2.680e-04  4.203e-08  2.640e-13 
 1.100e-10  1.085e-04  3.577e-06  3.266e-04  4.136e-08  2.997e-13 
 1.200e-10  1.099e-04  4.053e-06  3.912e-04  4.098e-08  3.074e-13 
 1.300e-10  1.113e-04  4.545e-06  4.618e-04  4.079e-08  2.932e-13 
 1.400e-10  1.127e-04  5.045e-06  5.384e-04  4.071e-08  2.668e-13 
 1.500e-10  1.142e-04  5.548e-06  6.211e-04  4.071e-08  2.380e-13 
 1.600e-10  1.156e-04  6.049e-06  7.097e-04  4.072e-08  2.156e-13 
 1.700e-10  1.171e-04  6.547e-06  8.042e-04  4.075e-08  2.062e-13 
 1.800e-10  1.186e-04  7.039e-06  9.047e-04  4.078e-08  2.126e-13 
 1.900e-10  1.202e-04  7.523e-06  1.011e-03  4.080e-08  2.326e-13 
 2.000e-10  1.218e-04  7.999e-06  1.123e-03  4.082e-08  2.617e-13 
 2.100e-10  1.235e-04  8.465e-06  1.241e-03  4.084e-08  2.955e-13 
 2.200e-10  1.253e-04  8.921e-06  1.364e-03  4.086e-08  3.312e-13 
 2.300e-10  1.271e-04  9.366e-06  1.493e-03  4.087e-08  3.677e-13 
 2.400e-10  1.290e-04  9.800e-06  1.626e-03  4.088e-08  4.049e-13 
 2.500e-10  1.310e-04  1.022e-05  1.766e-03  4.088e-08  4.447e-13 
 2.600e-10  1.331e-04  1.063e-05  1.910e-03  4.085e-08  4.911e-13 
 2.700e-10  1.352e-04  1.102e-05  2.059e-03  4.077e-08  5.520e-13 
 2.800e-10  1.374e-04  1.139e-05  2.212e-03  4.063e-08  6.419e-13 
 2.900e-10  1.397e-04  1.174e-05  2.370e-03  4.035e-08  7.861e-13 
 3.000e-10  1.422e-04  1.207e-05  2.532e-03  3.986e-08  1.028e-12 
 3.100e-10  1.447e-04  1.234e-05  2.697e-03  3.905e-08  1.435e-12 
 3.200e-10  1.475e-04  1.256e-05  2.867e-03  3.783e-08  2.104e-12 
 3.300e-10  1.504e-04  1.268e-05  3.039e-03  3.644e-08  3.145e-12 
 3.400e-10  1.537e-04  1.267e-05  3.213e-03  3.612e-08  4.595e-12 
 3.500e-10  1.574e-04  1.247e-05  3.388e-03  4.073e-08  6.076e-12 
 3.600e-10  1.617e-04  1.219e-05  3.564e-03  5.144e-08  5.185e-12 
 3.700e-10  1.664e-04  1.204e-05  3.740e-03  5.523e-08  1.989e-12 
 3.800e-10  1.713e-04  1.210e-05  3.914e-03  5.592e-08  1.584e-12 
 3.900e-10  1.760e-04  1.243e-05  4.087e-03  5.719e-08  5.191e-12 
 4.000e-10  1.803e-04  1.314e-05  4.260e-03  6.028e-08  9.224e-12 
 4.100e-10  1.840e-04  1.444e-05  4.433e-03  6.573e-08  1.392e-11 
 4.200e-10  1.867e-04  1.658e-05  4.608e-03  7.377e-08  1.949e-11 
 4.300e-10  1.881e-04  1.982e-05  4.788e-03  8.429e-08  2.606e-11 
 4.400e-10  1.879e-04  2.448e-05  4.975e-03  9.652e-08  3.360e-11 
 4.500e-10  1.855e-04  3.087e-05  5.173e-03  1.086e-07  4.181e-11 
 4.600e-10  1.806e-04  3.928e-05  5.388e-03  1.176e-07  5.034e-11 
 4.700e-10  1.728e-04  5.000e-05  5.627e-03  1.196e-07  5.964e-11 
 4.800e-10  1.620e-04  6.317e-05  5.897e-03  1.123e-07  7.272e-11 
 4.900e-10  1.482e-04  7.881e-05  6.207e-03  9.674e-08  9.408e-11 
 5.000e-10  1.320e-04  9.677e-05  6.569e-03  7.762e-08  1.235e-10 
 5.100e-10  1.140e-04  1.168e-04  6.989e-03  6.076e-08  1.544e-10 
 5.200e-10  9.488e-05  1.384e-04  7.475e-03  4.958e-08  1.784e-10 
 5.300e-10  7.527e-05  1.612e-04  8.031e-03  4.393e-08  1.913e-10 
 5.400e-10  5.551e-05  1.845e-04  8.658e-03  4.171e-08  1.941e-10 
 5.500e-10  3.584e-05  2.081e-04  9.357e-03  4.103e-08  1.907e-10 
 5.600e-10  1.668e-05  2.314e-04  1.013e-02  4.087e-08  1.846e-10 
 5.700e-10  7.243e-06  2.545e-04  1.097e-02  4.087e-08  1.782e-10 
 5.800e-10  2.435e-05  2.770e-04  1.188e-02  4.093e-08  1.723e-10 
 5.900e-10  4.340e-05  2.991e-04  1.285e-02  4.104e-08  1.672e-10 
 6.000e-10  6.250e-05  3.206e-04  1.389e-02  4.120e-08  1.627e-10 
 6.100e-10  8.151e-05  3.416e-04  1.499e-02  4.143e-08  1.585e-10 
 6.200e-10  1.004e-04  3.620e-04  1.616e-02  4.168e-08  1.543e-10 
 6.300e-10  1.191e-04  3.819e-04  1.738e-02  4.196e-08  1.499e-10 
 6.400e-10  1.376e-04  4.012e-04  1.867e-02  4.222e-08  1.452e-10 
 6.500e-10  1.560e-04  4.199e-04  2.001e-02  4.242e-08  1.398e-10 
 6.600e-10  1.742e-04  4.381e-04  2.140e-02  4.245e-08  1.329e-10 
 6.700e-10  1.922e-04  4.557e-04  2.285e-02  4.193e-08  1.223e-10 
 6.800e-10  2.100e-04  4.726e-04  2.435e-02  3.947e-08  1.005e-10 
 6.900e-10  2.278e-04  4.887e-04  2.589e-02  2.907e-08  4.368e-11 
 7.000e-10  2.457e-04  5.034e-04  2.748e-02  1.692e-08  2.034e-10 
 7.100e-10  2.645e-04  5.151e-04  2.910e-02  9.679e-08  6.372e-10 
 7.200e-10  2.846e-04  5.218e-04  3.074e-02  1.076e-07  5.775e-10 
 7.300e-10  2.802e-04  3.852e-04  3.242e-02  3.732e-08  4.693e-11 
 7.400e-10  3.004e-04  3.860e-04  3.406e-02  5.870e-08  1.098e-11 
 7.500e-10  3.208e-04  3.866e-04  3.570e-02  6.488e-08  3.609e-12 
 7.600e-10  3.411e-04  3.872e-04  3.734e-02  6.684e-08  1.687e-12 
 7.700e-10  3.615e-04  3.878e-04  3.899e-02  6.758e-08  1.288e-12 
 7.800e-10  3.819e-04  3.883e-04  4.063e-02  6.789e-08  1.242e-12 
 7.900e-10  4.022e-04  3.889e-04  4.227e-02  6.804e-08  1.247e-12 
 8.000e-10  4.226e-04  3.894e-04  4.392e-02  6.810e-08  1.252e-12 
 8.100e-10  4.430e-04  3.899e-04  4.556e-02  6.813e-08  1.255e-12 
 8.200e-10  4.634e-04  3.905e-04  4.720e-02  6.816e-08  1.267e-12 
 8.300e-10  4.838e-04  3.910e-04  4.885e-02  6.826e-08  1.314e-12 
 8.400e-10  5.042e-04  3.916e-04  5.049e-02  6.849e-08  1.431e-12 
 8.500e-10  5.246e-04  3.921e-04  5.213e-02  6.878e-08  1.576e-12 
 8.600e-10  5.449e-04  3.926e-04  5.378e-02  6.861e-08  1.518e-12 
 8.700e-10  5.653e-04  3.932e-04  5.542e-02  6.828e-08  1.365e-12 
 8.800e-10  5.857e-04  3.937e-04  5.706e-02  6.825e-08  1.358e-12 
 8.900e-10  6.061e-04  3.943e-04  5.870e-02  6.825e-08  1.360e-12 
 9.000e-10  6.265e-04  3.948e-04  6.035e-02  6.825e-08  1.362e-12 
 9.100e-10  6.469e-04  3.953e-04  6.199e-02  6.825e-08  1.363e-12 
 9.200e-10  6.673e-04  3.959e-04  6.363e-02  6.825e-08  1.365e-12 
 9.300e-10  6.877e-04  3.964e-04  6.528e-02  6.825e-08  1.367e-12 
 9.400e-10  7.080e-04  3.970e-04  6.692e-02  6.825e-08  1.368e-12 
 9.500e-10  7.284e-04  3.975e-04  6.856e-02  6.825e-08  1.370e-12 
 9.600e-10  7.488e-04  3.981e-04  7.021e-02  6.825e-08  1.372e-12 
 9.700e-10  7.692e-04  3.986e-04  7.185e-02  6.825e-08  1.373e-12 
 9.800e-10  7.896e-04  3.992e-04  7.349e-02  6.825e-08  1.375e-12 
 9.900e-10  8.100e-04  3.997e-04  7.514e-02  6.825e-08  1.377e-12 
 1.000e-09  8.304e-04  4.002e-04  7.678e-02  6.825e-08  1.379e-12 
                                                            
