      time       stdx       stdz       avgz   nemixrms   nemizrms 
 0.000e+00  9.877e-05  1.150e-08  1.518e-08  4.895e-10  5.208e-16 
 1.000e-11  1.015e-04  2.441e-06  1.756e-05  3.410e-08  3.253e-12 
 2.000e-11  1.101e-04  9.468e-06  6.268e-05  6.699e-08  2.405e-11 
 3.000e-11  1.244e-04  2.039e-05  1.352e-04  9.379e-08  6.437e-11 
 4.000e-11  1.439e-04  3.444e-05  2.345e-04  1.429e-07  1.120e-10 
 5.000e-11  1.674e-04  5.096e-05  3.602e-04  2.742e-07  1.657e-10 
 6.000e-11  1.930e-04  6.934e-05  5.115e-04  4.665e-07  2.308e-10 
 7.000e-11  2.187e-04  8.913e-05  6.882e-04  6.636e-07  3.077e-10 
 8.000e-11  2.431e-04  1.100e-04  8.899e-04  8.300e-07  3.933e-10 
 9.000e-11  2.648e-04  1.318e-04  1.117e-03  9.356e-07  4.806e-10 
 1.000e-10  2.827e-04  1.544e-04  1.368e-03  9.913e-07  5.659e-10 
 1.100e-10  2.957e-04  1.778e-04  1.645e-03  1.008e-06  6.507e-10 
 1.200e-10  3.030e-04  2.021e-04  1.948e-03  1.002e-06  7.366e-10 
 1.300e-10  3.033e-04  2.273e-04  2.277e-03  9.856e-07  8.228e-10 
 1.400e-10  2.956e-04  2.535e-04  2.633e-03  9.707e-07  9.043e-10 
 1.500e-10  2.787e-04  2.808e-04  3.016e-03  9.627e-07  9.742e-10 
 1.600e-10  2.518e-04  3.096e-04  3.428e-03  9.609e-07  1.035e-09 
 1.700e-10  2.149e-04  3.400e-04  3.871e-03  9.623e-07  1.109e-09 
 1.800e-10  1.690e-04  3.723e-04  4.346e-03  9.634e-07  1.253e-09 
 1.900e-10  1.171e-04  4.073e-04  4.854e-03  9.632e-07  1.576e-09 
 2.000e-10  6.654e-05  4.467e-04  5.400e-03  9.502e-07  2.931e-09 
 2.100e-10  4.836e-05  4.991e-04  5.988e-03  9.177e-07  9.508e-09 
 2.200e-10  8.438e-05  5.625e-04  6.616e-03  9.303e-07  1.233e-08 
 2.300e-10  1.331e-04  6.303e-04  7.286e-03  9.618e-07  1.367e-08 
 2.400e-10  1.786e-04  7.013e-04  8.001e-03  9.941e-07  1.459e-08 
 2.500e-10  2.168e-04  7.747e-04  8.767e-03  1.030e-06  1.533e-08 
 2.600e-10  2.460e-04  8.502e-04  9.584e-03  1.071e-06  1.596e-08 
 2.700e-10  2.666e-04  9.273e-04  1.046e-02  1.119e-06  1.647e-08 
 2.800e-10  2.799e-04  1.005e-03  1.138e-02  1.170e-06  1.690e-08 
 2.900e-10  2.875e-04  1.084e-03  1.237e-02  1.221e-06  1.725e-08 
 3.000e-10  2.911e-04  1.163e-03  1.341e-02  1.268e-06  1.754e-08 
 3.100e-10  2.925e-04  1.241e-03  1.451e-02  1.308e-06  1.777e-08 
 3.200e-10  2.928e-04  1.319e-03  1.567e-02  1.340e-06  1.796e-08 
 3.300e-10  2.932e-04  1.395e-03  1.688e-02  1.363e-06  1.812e-08 
 3.400e-10  2.944e-04  1.470e-03  1.815e-02  1.379e-06  1.824e-08 
 3.500e-10  2.970e-04  1.544e-03  1.948e-02  1.388e-06  1.833e-08 
 3.600e-10  3.012e-04  1.615e-03  2.086e-02  1.391e-06  1.839e-08 
 3.700e-10  3.073e-04  1.684e-03  2.229e-02  1.387e-06  1.773e-08 
 3.800e-10  3.151e-04  1.751e-03  2.378e-02  1.378e-06  1.605e-08 
 3.900e-10  3.245e-04  1.813e-03  2.531e-02  1.363e-06  1.631e-08 
 4.000e-10  3.352e-04  1.865e-03  2.689e-02  1.350e-06  2.352e-08 
 4.100e-10  3.466e-04  1.903e-03  2.850e-02  1.344e-06  2.650e-08 
 4.200e-10  3.585e-04  1.923e-03  3.014e-02  1.344e-06  2.210e-08 
 4.300e-10  3.708e-04  1.935e-03  3.178e-02  1.344e-06  1.706e-08 
 4.400e-10  3.834e-04  1.943e-03  3.343e-02  1.343e-06  1.636e-08 
 4.500e-10  3.962e-04  1.951e-03  3.508e-02  1.342e-06  1.647e-08 
 4.600e-10  4.094e-04  1.960e-03  3.672e-02  1.341e-06  1.664e-08 
 4.700e-10  4.227e-04  1.968e-03  3.837e-02  1.341e-06  1.680e-08 
 4.800e-10  4.363e-04  1.976e-03  4.001e-02  1.340e-06  1.694e-08 
 4.900e-10  4.500e-04  1.984e-03  4.166e-02  1.339e-06  1.708e-08 
 5.000e-10  4.640e-04  1.992e-03  4.331e-02  1.338e-06  1.722e-08 
 5.100e-10  4.781e-04  2.000e-03  4.495e-02  1.337e-06  1.734e-08 
 5.200e-10  4.924e-04  2.008e-03  4.660e-02  1.336e-06  1.746e-08 
 5.300e-10  5.068e-04  2.016e-03  4.825e-02  1.335e-06  1.758e-08 
 5.400e-10  5.214e-04  2.024e-03  4.989e-02  1.334e-06  1.768e-08 
 5.500e-10  5.360e-04  2.032e-03  5.154e-02  1.333e-06  1.779e-08 
 5.600e-10  5.508e-04  2.040e-03  5.318e-02  1.333e-06  1.789e-08 
 5.700e-10  5.657e-04  2.048e-03  5.483e-02  1.332e-06  1.798e-08 
 5.800e-10  5.807e-04  2.056e-03  5.648e-02  1.331e-06  1.807e-08 
 5.900e-10  5.958e-04  2.064e-03  5.812e-02  1.330e-06  1.816e-08 
 6.000e-10  6.110e-04  2.072e-03  5.977e-02  1.329e-06  1.824e-08 
 6.100e-10  6.262e-04  2.080e-03  6.142e-02  1.328e-06  1.832e-08 
 6.200e-10  6.416e-04  2.088e-03  6.306e-02  1.328e-06  1.839e-08 
 6.300e-10  6.570e-04  2.097e-03  6.471e-02  1.327e-06  1.847e-08 
 6.400e-10  6.724e-04  2.105e-03  6.636e-02  1.326e-06  1.853e-08 
 6.500e-10  6.880e-04  2.113e-03  6.800e-02  1.325e-06  1.860e-08 
 6.600e-10  7.035e-04  2.121e-03  6.965e-02  1.325e-06  1.867e-08 
 6.700e-10  7.192e-04  2.129e-03  7.130e-02  1.324e-06  1.873e-08 
 6.800e-10  7.349e-04  2.137e-03  7.294e-02  1.323e-06  1.879e-08 
 6.900e-10  7.506e-04  2.146e-03  7.459e-02  1.323e-06  1.885e-08 
 7.000e-10  7.664e-04  2.154e-03  7.623e-02  1.322e-06  1.890e-08 
 7.100e-10  7.823e-04  2.162e-03  7.788e-02  1.321e-06  1.895e-08 
 7.200e-10  7.981e-04  2.171e-03  7.953e-02  1.321e-06  1.901e-08 
 7.300e-10  8.141e-04  2.179e-03  8.117e-02  1.320e-06  1.906e-08 
 7.400e-10  8.300e-04  2.187e-03  8.282e-02  1.320e-06  1.911e-08 
 7.500e-10  8.460e-04  2.196e-03  8.447e-02  1.319e-06  1.915e-08 
 7.600e-10  8.621e-04  2.204e-03  8.611e-02  1.318e-06  1.920e-08 
 7.700e-10  8.781e-04  2.212e-03  8.776e-02  1.318e-06  1.924e-08 
 7.800e-10  8.942e-04  2.221e-03  8.941e-02  1.317e-06  1.928e-08 
 7.900e-10  9.103e-04  2.229e-03  9.105e-02  1.317e-06  1.933e-08 
 8.000e-10  9.265e-04  2.238e-03  9.270e-02  1.316e-06  1.937e-08 
 8.100e-10  9.427e-04  2.246e-03  9.435e-02  1.316e-06  1.941e-08 
 8.200e-10  9.589e-04  2.255e-03  9.599e-02  1.315e-06  1.944e-08 
 8.300e-10  9.751e-04  2.264e-03  9.764e-02  1.315e-06  1.948e-08 
 8.400e-10  9.914e-04  2.272e-03  9.929e-02  1.314e-06  1.952e-08 
 8.500e-10  1.008e-03  2.281e-03  1.009e-01  1.314e-06  1.955e-08 
 8.600e-10  1.024e-03  2.289e-03  1.026e-01  1.313e-06  1.958e-08 
 8.700e-10  1.040e-03  2.298e-03  1.042e-01  1.313e-06  1.962e-08 
 8.800e-10  1.057e-03  2.307e-03  1.059e-01  1.312e-06  1.965e-08 
 8.900e-10  1.073e-03  2.316e-03  1.075e-01  1.312e-06  1.968e-08 
 9.000e-10  1.089e-03  2.324e-03  1.092e-01  1.312e-06  1.971e-08 
 9.100e-10  1.106e-03  2.333e-03  1.108e-01  1.311e-06  1.974e-08 
 9.200e-10  1.122e-03  2.342e-03  1.125e-01  1.311e-06  1.977e-08 
 9.300e-10  1.139e-03  2.351e-03  1.141e-01  1.310e-06  1.980e-08 
 9.400e-10  1.155e-03  2.360e-03  1.158e-01  1.310e-06  1.983e-08 
 9.500e-10  1.172e-03  2.369e-03  1.174e-01  1.310e-06  1.985e-08 
 9.600e-10  1.188e-03  2.377e-03  1.190e-01  1.309e-06  1.988e-08 
 9.700e-10  1.205e-03  2.386e-03  1.207e-01  1.309e-06  1.991e-08 
 9.800e-10  1.221e-03  2.395e-03  1.223e-01  1.308e-06  1.993e-08 
 9.900e-10  1.238e-03  2.404e-03  1.240e-01  1.308e-06  1.996e-08 
 1.000e-09  1.254e-03  2.413e-03  1.256e-01  1.308e-06  1.998e-08 
                                                            
