      time       stdx       stdz       avgz   nemixrms   nemizrms 
 0.000e+00  9.877e-05  1.151e-08  1.518e-08  4.972e-10  5.186e-16 
 1.000e-11  1.021e-04  2.674e-06  1.755e-05  3.174e-08  3.104e-12 
 2.000e-11  1.122e-04  9.893e-06  6.267e-05  5.392e-08  2.036e-11 
 3.000e-11  1.286e-04  2.056e-05  1.351e-04  7.987e-08  4.967e-11 
 4.000e-11  1.508e-04  3.374e-05  2.345e-04  1.629e-07  8.007e-11 
 5.000e-11  1.772e-04  4.876e-05  3.600e-04  3.360e-07  1.160e-10 
 6.000e-11  2.057e-04  6.510e-05  5.108e-04  5.507e-07  1.610e-10 
 7.000e-11  2.339e-04  8.238e-05  6.866e-04  7.437e-07  2.169e-10 
 8.000e-11  2.599e-04  1.004e-04  8.869e-04  8.873e-07  2.811e-10 
 9.000e-11  2.824e-04  1.192e-04  1.112e-03  9.657e-07  3.437e-10 
 1.000e-10  3.004e-04  1.386e-04  1.362e-03  9.951e-07  4.032e-10 
 1.100e-10  3.132e-04  1.586e-04  1.637e-03  9.939e-07  4.633e-10 
 1.200e-10  3.199e-04  1.794e-04  1.938e-03  9.777e-07  5.255e-10 
 1.300e-10  3.193e-04  2.009e-04  2.264e-03  9.599e-07  5.875e-10 
 1.400e-10  3.103e-04  2.232e-04  2.617e-03  9.514e-07  6.391e-10 
 1.500e-10  2.917e-04  2.466e-04  2.997e-03  9.559e-07  6.628e-10 
 1.600e-10  2.626e-04  2.711e-04  3.406e-03  9.680e-07  6.466e-10 
 1.700e-10  2.230e-04  2.970e-04  3.845e-03  9.801e-07  5.989e-10 
 1.800e-10  1.739e-04  3.242e-04  4.315e-03  9.888e-07  5.505e-10 
 1.900e-10  1.181e-04  3.531e-04  4.820e-03  9.928e-07  5.363e-10 
 2.000e-10  6.328e-05  3.838e-04  5.360e-03  9.910e-07  5.754e-10 
 2.100e-10  4.803e-05  4.164e-04  5.939e-03  9.873e-07  6.705e-10 
 2.200e-10  9.523e-05  4.512e-04  6.559e-03  9.929e-07  7.777e-10 
 2.300e-10  1.510e-04  4.880e-04  7.223e-03  1.003e-06  9.596e-10 
 2.400e-10  2.012e-04  5.268e-04  7.933e-03  1.011e-06  1.165e-09 
 2.500e-10  2.420e-04  5.674e-04  8.693e-03  1.019e-06  1.329e-09 
 2.600e-10  2.723e-04  6.096e-04  9.504e-03  1.030e-06  1.419e-09 
 2.700e-10  2.925e-04  6.530e-04  1.037e-02  1.048e-06  1.443e-09 
 2.800e-10  3.041e-04  6.973e-04  1.129e-02  1.077e-06  1.425e-09 
 2.900e-10  3.091e-04  7.421e-04  1.227e-02  1.115e-06  1.387e-09 
 3.000e-10  3.095e-04  7.872e-04  1.331e-02  1.154e-06  1.344e-09 
 3.100e-10  3.070e-04  8.321e-04  1.440e-02  1.190e-06  1.300e-09 
 3.200e-10  3.031e-04  8.768e-04  1.556e-02  1.219e-06  1.257e-09 
 3.300e-10  2.989e-04  9.209e-04  1.677e-02  1.241e-06  1.214e-09 
 3.400e-10  2.953e-04  9.643e-04  1.803e-02  1.257e-06  1.168e-09 
 3.500e-10  2.928e-04  1.007e-03  1.936e-02  1.266e-06  1.119e-09 
 3.600e-10  2.919e-04  1.048e-03  2.073e-02  1.270e-06  1.066e-09 
 3.700e-10  2.926e-04  1.089e-03  2.216e-02  1.270e-06  1.011e-09 
 3.800e-10  2.950e-04  1.128e-03  2.364e-02  1.264e-06  9.568e-10 
 3.900e-10  2.990e-04  1.166e-03  2.517e-02  1.255e-06  9.049e-10 
 4.000e-10  3.043e-04  1.201e-03  2.675e-02  1.244e-06  6.822e-09 
 4.100e-10  3.104e-04  1.224e-03  2.837e-02  1.238e-06  1.081e-08 
 4.200e-10  3.169e-04  1.231e-03  3.001e-02  1.236e-06  3.313e-09 
 4.300e-10  3.238e-04  1.232e-03  3.166e-02  1.235e-06  1.273e-09 
 4.400e-10  3.309e-04  1.234e-03  3.330e-02  1.234e-06  7.659e-10 
 4.500e-10  3.384e-04  1.235e-03  3.495e-02  1.234e-06  7.741e-10 
 4.600e-10  3.462e-04  1.237e-03  3.659e-02  1.233e-06  7.824e-10 
 4.700e-10  3.542e-04  1.238e-03  3.824e-02  1.232e-06  7.907e-10 
 4.800e-10  3.624e-04  1.240e-03  3.988e-02  1.231e-06  7.991e-10 
 4.900e-10  3.709e-04  1.241e-03  4.153e-02  1.231e-06  8.075e-10 
 5.000e-10  3.796e-04  1.243e-03  4.317e-02  1.230e-06  8.159e-10 
 5.100e-10  3.885e-04  1.244e-03  4.482e-02  1.229e-06  8.243e-10 
 5.200e-10  3.976e-04  1.245e-03  4.646e-02  1.228e-06  8.328e-10 
 5.300e-10  4.069e-04  1.247e-03  4.811e-02  1.228e-06  8.412e-10 
 5.400e-10  4.163e-04  1.249e-03  4.975e-02  1.227e-06  8.496e-10 
 5.500e-10  4.258e-04  1.250e-03  5.140e-02  1.226e-06  8.579e-10 
 5.600e-10  4.356e-04  1.252e-03  5.304e-02  1.225e-06  8.662e-10 
 5.700e-10  4.454e-04  1.253e-03  5.469e-02  1.224e-06  8.745e-10 
 5.800e-10  4.554e-04  1.255e-03  5.633e-02  1.224e-06  8.827e-10 
 5.900e-10  4.655e-04  1.256e-03  5.798e-02  1.223e-06  8.909e-10 
 6.000e-10  4.757e-04  1.258e-03  5.962e-02  1.222e-06  8.990e-10 
 6.100e-10  4.861e-04  1.259e-03  6.126e-02  1.221e-06  9.070e-10 
 6.200e-10  4.965e-04  1.261e-03  6.291e-02  1.220e-06  9.149e-10 
 6.300e-10  5.070e-04  1.263e-03  6.455e-02  1.219e-06  9.228e-10 
 6.400e-10  5.176e-04  1.264e-03  6.620e-02  1.219e-06  9.306e-10 
 6.500e-10  5.283e-04  1.266e-03  6.784e-02  1.218e-06  9.383e-10 
 6.600e-10  5.391e-04  1.267e-03  6.949e-02  1.217e-06  9.460e-10 
 6.700e-10  5.499e-04  1.269e-03  7.113e-02  1.216e-06  9.535e-10 
 6.800e-10  5.609e-04  1.271e-03  7.278e-02  1.215e-06  9.610e-10 
 6.900e-10  5.718e-04  1.272e-03  7.442e-02  1.214e-06  9.684e-10 
 7.000e-10  5.829e-04  1.274e-03  7.607e-02  1.213e-06  9.757e-10 
 7.100e-10  5.940e-04  1.276e-03  7.771e-02  1.212e-06  9.830e-10 
 7.200e-10  6.052e-04  1.277e-03  7.936e-02  1.211e-06  9.901e-10 
 7.300e-10  6.164e-04  1.279e-03  8.100e-02  1.210e-06  9.972e-10 
 7.400e-10  6.277e-04  1.281e-03  8.265e-02  1.209e-06  1.004e-09 
 7.500e-10  6.391e-04  1.283e-03  8.429e-02  1.208e-06  1.011e-09 
 7.600e-10  6.505e-04  1.284e-03  8.594e-02  1.207e-06  1.018e-09 
 7.700e-10  6.619e-04  1.286e-03  8.758e-02  1.206e-06  1.025e-09 
 7.800e-10  6.734e-04  1.288e-03  8.923e-02  1.206e-06  1.031e-09 
 7.900e-10  6.849e-04  1.290e-03  9.087e-02  1.205e-06  1.038e-09 
 8.000e-10  6.965e-04  1.291e-03  9.252e-02  1.204e-06  1.044e-09 
 8.100e-10  7.081e-04  1.293e-03  9.416e-02  1.203e-06  1.051e-09 
 8.200e-10  7.197e-04  1.295e-03  9.581e-02  1.202e-06  1.057e-09 
 8.300e-10  7.314e-04  1.297e-03  9.745e-02  1.201e-06  1.064e-09 
 8.400e-10  7.431e-04  1.298e-03  9.910e-02  1.200e-06  1.070e-09 
 8.500e-10  7.548e-04  1.300e-03  1.007e-01  1.199e-06  1.076e-09 
 8.600e-10  7.666e-04  1.302e-03  1.024e-01  1.198e-06  1.082e-09 
 8.700e-10  7.784e-04  1.304e-03  1.040e-01  1.197e-06  1.088e-09 
 8.800e-10  7.903e-04  1.306e-03  1.057e-01  1.196e-06  1.094e-09 
 8.900e-10  8.021e-04  1.308e-03  1.073e-01  1.195e-06  1.100e-09 
 9.000e-10  8.140e-04  1.309e-03  1.090e-01  1.194e-06  1.105e-09 
 9.100e-10  8.259e-04  1.311e-03  1.106e-01  1.193e-06  1.111e-09 
 9.200e-10  8.379e-04  1.313e-03  1.123e-01  1.192e-06  1.117e-09 
 9.300e-10  8.498e-04  1.315e-03  1.139e-01  1.192e-06  1.122e-09 
 9.400e-10  8.618e-04  1.317e-03  1.155e-01  1.191e-06  1.128e-09 
 9.500e-10  8.739e-04  1.319e-03  1.172e-01  1.190e-06  1.133e-09 
 9.600e-10  8.859e-04  1.321e-03  1.188e-01  1.189e-06  1.139e-09 
 9.700e-10  8.980e-04  1.322e-03  1.205e-01  1.188e-06  1.144e-09 
 9.800e-10  9.100e-04  1.324e-03  1.221e-01  1.187e-06  1.149e-09 
 9.900e-10  9.221e-04  1.326e-03  1.238e-01  1.186e-06  1.154e-09 
 1.000e-09  9.343e-04  1.328e-03  1.254e-01  1.185e-06  1.159e-09 
                                                            
